/////////////////////////////CUSTOM EFFECTS PARA SWORD EFECTOS BY UNNAMEDSK/////////////////////////////
/////////////////////////////////////////////////////////////////////////////////////////////////////////////////////////

EFECTOS ESTATICOS.

INDEX		    32002 		8					0 			0.12		0.62 	0.29 	0.3		0.0		0.0
INDEX		    32002 		9					0 			0.12		0.62 	0.29 	0.3		0.0		0.0
INDEX		    32002 		10				0 			0.12		0.62 	0.29 	0.3		0.0		0.0
INDEX		    32002 		11				0 			0.12		0.62 	0.29 	0.3		0.0		0.0
INDEX		    32002 		12				0 			0.12		0.62 	0.29 	0.3		0.0		0.0
INDEX		    32002 		13				0 			0.12		0.62 	0.29 	0.3		0.0		0.0
INDEX		    32002 		14				0 			0.12		0.62 	0.29 	0.3		0.0		0.0
INDEX		    32002 		15				0 			0.12		0.62 	0.29 	0.3		0.0		0.0
INDEX		    32002 		16				0 			0.12		0.62 	0.29 	0.3		0.0		0.0
INDEX		    32002 		17				0 			0.12		0.62 	0.29 	0.3		0.0		0.0
INDEX		    32002 		18				0 			0.12		0.62 	0.29 	0.3		0.0		0.0
INDEX		    32002 		19				0 			0.12		0.62 	0.29 	0.3		0.0		0.0
INDEX		    32002 		20				0 			0.12		0.62 	0.29 	0.3		0.0		0.0
INDEX		    32002 		21				0 			0.12		0.62 	0.29 	0.3		0.0		0.0
INDEX		    32002 		22				0 			0.12		0.62 	0.29 	0.3		0.0		0.0
INDEX		    32002 		23				0 			0.12		0.62 	0.29 	0.3		0.0		0.0
INDEX		    32002 		24				0 			0.12		0.62 	0.29 	0.3		0.0		0.0
INDEX		    32002 		25				0 			0.12		0.62 	0.29 	0.3		0.0		0.0
INDEX		    32002 		27				0 			0.12		0.62 	0.29 	0.3		0.0		0.0
INDEX		    32002 		28				0 			0.12		0.62 	0.29 	0.3		0.0		0.0
INDEX		    32002 		29				0 			0.12		0.62 	0.29 	0.3		0.0		0.0
INDEX		    32002 		30				0 			0.12		0.62 	0.29 	0.3		0.0		0.0
INDEX		    32002 		31				0 			0.12		0.62 	0.29 	0.3		0.0		0.0
INDEX		    32002 		32				0 			0.12		0.62 	0.29 	0.3		0.0		0.0
INDEX		    32002 		33				0 			0.12		0.62 	0.29 	0.3		0.0		0.0
INDEX		    32002 		34				0 			0.12		0.62 	0.29 	0.3		0.0		0.0
INDEX		    32002 		35				0 			0.12		0.62 	0.29 	0.3		0.0		0.0
INDEX		    32002 		36				0 			0.12		0.62 	0.29 	0.3		0.0		0.0
INDEX		    32002 		37				0 			0.12		0.62 	0.29 	0.3		0.0		0.0
INDEX		    32002 		38				0 			0.12		0.62 	0.29 	0.3		0.0		0.0
INDEX		    32002 		39				0 			0.12		0.62 	0.29 	0.3		0.0		0.0
INDEX		    32002 		40				0 			0.12		0.62 	0.29 	0.3		0.0		0.0
INDEX		    32002 		41				0 			0.12		0.62 	0.29 	0.3		0.0		0.0
INDEX		    32002 		42				0 			0.12		0.62 	0.29 	0.3		0.0		0.0
INDEX		    32002 		43				0 			0.12		0.62 	0.29 	0.3		0.0		0.0
INDEX		    32002 		44				0 			0.12		0.62 	0.29 	0.3		0.0		0.0
INDEX		    32002 		45				0 			0.12		0.62 	0.29 	0.3		0.0		0.0
INDEX		    32002 		46				0 			0.12		0.62 	0.29 	0.3		0.0		0.0
INDEX		    32002 		47				0 			0.12		0.62 	0.29 	0.3		0.0		0.0
INDEX		    32002 		48				0 			0.12		0.62 	0.29 	0.3		0.0		0.0
INDEX		    32002 		49				0 			0.12		0.62 	0.29 	0.3		0.0		0.0
INDEX		    32002 		50				0 			0.12		0.62 	0.29 	0.3		0.0		0.0
INDEX		    32002 		51				0 			0.12		0.62 	0.29 	0.3		0.0		0.0
INDEX		    32002 		52				0 			0.12		0.62 	0.29 	0.3		0.0		0.0
INDEX		    32002 		53				0 			0.12		0.62 	0.29 	0.3		0.0		0.0
INDEX		    32002 		54				0 			0.12		0.62 	0.29 	0.3		0.0		0.0
INDEX		    32002 		55				0 			0.12		0.62 	0.29 	0.3		0.0		0.0
INDEX		    32002 		56				0 			0.12		0.62 	0.29 	0.3		0.0		0.0
INDEX		    32114 		2					0 			0.12		0.62 	0.29 	2.0		0.0		0.0
INDEX		    32002 		2					0 			0.12		0.62 	0.29 	0.5		0.0		0.0 
INDEX		    32114 		5					0 			0.12		0.62 	0.29 	2.0		0.0		0.0
INDEX		    32002 		5					0 			0.12		0.62 	0.29 	0.5		0.0		0.0

EFECTOS DINAMICOS.

INDEX    		 32389   			5			   0 			   0.12		0.62 	0.29 		  0.0 	  0.0 	   0.7
INDEX			 32119   			5 		   	   0 			   0.12		0.62 	0.29 		  1.0     -0.5        0.2
