/////////////////////////////CUSTOM EFFECTS PARA SCEPTER FECTOS BY UNNAMEDSK//////////////////////////
///////////////////////////////////////////////////////////////////////////////////////////////////////////////////////

EFECTOS ESTATICOS.

INDEX			32380 		1						0 			0.25     0.23    0.15	 	0.3		0.0		0.0
INDEX			32380 		2						0 			0.25     0.23    0.15	 	0.3		0.0		0.0
INDEX			32380 		3						0 			0.25     0.23    0.15	 	0.3		0.0		0.0
INDEX			32380 		4						0 			0.25     0.23    0.15	 	0.3		0.0		0.0
INDEX			32380 		5						0 			0.25     0.23    0.15	 	0.3		0.0		0.0
INDEX			32380 		6						0 			0.25     0.23    0.15	 	0.3		0.0		0.0
INDEX			32380 		8						0 			0.25     0.23    0.15	 	1.5		0.0		0.0
