
	

	INDEX    32283   45      0       1.5     0.00    0.00    0.0     0.0     0.8
	INDEX   32283   46      0       1.5     0.00    0.00    0.0     0.0     0.8
	INDEX   32283   47      0       1.5     0.00    0.00    0.0     0.0     0.8
	INDEX   32283   48      0       1.5     0.00    0.00    0.0     0.0     0.8
	INDEX   32283   49      0       1.5     0.00    0.00    0.0     0.0     0.8
	INDEX   32283   50      0       1.5     0.00    0.00    0.0     0.0     0.8
	INDEX   32283   13      0       1.5     0.00    0.00    0.0     0.0     0.8
	INDEX   32283   14      0       1.5     0.00    0.00    0.0     0.0     0.8
	INDEX   32387    9      0       1.0  	0.3 	0.00    0.0     0.3     0.5
	INDEX   32387   10      0       1.0  	0.3 	0.00    0.0     0.3     0.5	        
	INDEX   32387   33      0       1.0  	0.3 	0.00    0.0     0.3     0.5
	INDEX   32387   36      0       1.0  	0.3 	0.00    0.0     0.3     0.5	        
	INDEX   32387   45      0       1.0  	0.3 	0.00    0.0     0.3     0.5
	INDEX   32387   46      0       1.0  	0.3 	0.00    0.0     0.3     0.5	        
	INDEX   32387   47      0       1.0  	0.3 	0.00    0.0     0.3     0.5
	INDEX   32387   48      0       1.0  	0.3 	0.00    0.0     0.3     0.5	        
	INDEX   32387   49      0       1.0  	0.3 	0.00    0.0     0.3     0.5
	INDEX   32387   50      0       1.0  	0.3 	0.00    0.0     0.3     0.5	        
	INDEX   32387   13      0       1.0  	0.3 	0.00    0.0     0.3     0.5
	INDEX   32387   14      0       1.0  	0.3 	0.00    0.0     0.3     0.5

	
