

	INDEX    32002   40      0       1.5     0.00    0.00    0.7     0.0     0.0
	INDEX    32002   41      0       1.5     0.00    0.00    0.7     0.0     0.0
	INDEX   32002   37      0       1.5     0.00    0.00    0.7     0.0     0.0
	INDEX   32002   38      0       1.5     0.00    0.00    0.7     0.0     0.0
	INDEX   32002   39      0       1.5     0.00    0.00    0.7     0.0     0.0
	INDEX   32002   42      0       1.5     0.00    0.00    0.7     0.0     0.0
	INDEX   32002   43      0       1.5     0.00    0.00    0.7     0.0     0.0
	INDEX   32002   44      0       1.5     0.00    0.00    0.7     0.0     0.0
	INDEX   32002   16      0       1.5     0.00    0.00    0.7     0.0     0.0
	INDEX   32002   17      0       1.5     0.00    0.00    0.7     0.0     0.0
	INDEX   32002   18      0       1.5     0.00    0.00    0.7     0.0     0.0
	INDEX   32002   19      0       1.5     0.00    0.00    0.7     0.0     0.0
	INDEX   32002   20      0       1.5     0.00    0.00    0.7     0.0     0.0








