//Blue Eye Bow
INDEX 32002 14 0 0.079999998 0.15000001 0.60000002 2.0999999 0.0 0.0
INDEX 32002 6 0 0.079999998 0.15000001 0.60000002 2.0999999 0.0 0.0
INDEX 32002 7 0 0.079999998 0.15000001 0.60000002 1.8 0.0 0.0
INDEX 32002 8 0 0.079999998 0.15000001 0.60000002 1.8 0.0 0.0
INDEX 32002 15 0 0.079999998 0.15000001 0.60000002 1.8 0.0 0.0
INDEX 32002 16 0 0.079999998 0.15000001 0.60000002 1.8 0.0 0.0
INDEX 32002 9 0 0.079999998 0.15000001 0.60000002 0.69999999 0.0 0.0
INDEX 32002 10 0 0.079999998 0.15000001 0.60000002 0.69999999 0.0 0.0
INDEX 32002 18 0 0.079999998 0.15000001 0.60000002 0.69999999 0.0 0.0
INDEX 32002 18 0 0.079999998 0.15000001 0.60000002 0.69999999 0.0 0.0
INDEX 32002 30 0 0.079999998 0.15000001 0.60000002 2.3 0.0 0.0
INDEX 32002 31 0 0.079999998 0.15000001 0.60000002 1.0 0.0 0.0
INDEX 32002 32 0 0.079999998 0.15000001 0.60000002 1.0 0.0 0.0
INDEX 32002 33 0 0.079999998 0.15000001 0.60000002 1.0 0.0 0.0
INDEX 32002 34 0 0.079999998 0.15000001 0.60000002 1.0 0.0 0.0
INDEX 32002 21 0 0.079999998 0.15000001 0.60000002 1.5 0.0 0.0
INDEX 32002 22 0 0.079999998 0.15000001 0.60000002 1.5 0.0 0.0
INDEX 32501 30 0 0.06274509803 0.30980392156 1.0 0.325 0.0 0.0
INDEX 32002 30 0 0.0 0.17647058823 0.68235294117 1.3 0.0 0.0
INDEX 32501 31 0 0.0 0.07843137254 0.13921568627 0.30000001 0.0 0.0
INDEX 32501 32 0 0.0 0.07843137254 0.13921568627 0.30000001 0.0 0.0
INDEX 32501 33 0 0.0 0.07843137254 0.13921568627 0.30000001 0.0 0.0
INDEX 32501 34 0 0.0 0.07843137254 0.13921568627 0.30000001 0.0 0.0

//Blue Eye Magic Sword
INDEX 32002 1 0 0.18000001 0.1 0.94999999 0.40000001 0.0 0.0
INDEX 32002 6 0 0.18000001 0.1 0.94999999 0.69999999 0.0 0.0
INDEX 32002 7  0 0.18000001 0.1 0.94999999 1.0 0.0 0.0
INDEX 32002 8  0 0.18000001 0.1 0.94999999 1.0 0.0 0.0
INDEX 32002 9  0 0.18000001 0.1 0.94999999 1.0 0.0 0.0
INDEX 32002 10 0 0.18000001 0.1 0.94999999 1.0 0.0 0.0
INDEX 32002 11 0 0.18000001 0.1 0.94999999 1.0 0.0 0.0
INDEX 32002 12 0 0.18000001 0.1 0.94999999 1.0 0.0 0.0
INDEX 32002 14 0 0.18000001 0.1 0.94999999 1.0 0.0 0.0
INDEX 32501 14 0 0.06274509803 0.30980392156 1.0 0.125 0.0 0.0
INDEX 32002 14 0 0.0 0.17647058823 0.68235294117 0.5 0.0 0.0
INDEX 32501 15 0 0.06274509803 0.30980392156 1.0 0.125 0.0 0.0
INDEX 32002 15 0 0.0 0.17647058823 0.68235294117 0.5 0.0 0.0
INDEX 32501 16 0 0.06274509803 0.30980392156 1.0 0.125 0.0 0.0
INDEX 32002 16 0 0.0 0.17647058823 0.68235294117 0.5 0.0 0.0
INDEX 32501 17 0 0.06274509803 0.30980392156 1.0 0.125 0.0 0.0
INDEX 32002 17 0 0.0 0.17647058823 0.68235294117 0.5 0.0 0.0
INDEX 32501 18 0 0.06274509803 0.30980392156 1.0 0.125 0.0 0.0
INDEX 32002 18 0 0.0 0.17647058823 0.68235294117 0.5 0.0 0.0
INDEX 32501 4 0 0.06274509803 0.30980392156 1.0 0.125 0.0 0.0
INDEX 32002 4 0 0.0 0.17647058823 0.68235294117 0.5 0.0 0.0
INDEX 32501 5 0 0.06274509803 0.30980392156 1.0 0.125 0.0 0.0
INDEX 32002 5 0 0.0 0.17647058823 0.68235294117 0.5 0.0 0.0

//Blue Eye Staff
INDEX 32131 11 0 0.18000001 0.1 0.94999999 0.5 0.0 0.0
INDEX 32131 12 0 0.18000001 0.1 0.94999999 0.5 0.0 0.0
INDEX 32131 13 0 0.18000001 0.1 0.94999999 0.5 0.0 0.0
INDEX 32131 14 0 0.18000001 0.1 0.94999999 0.5 0.0 0.0
INDEX 32131 15 0 0.18000001 0.1 0.94999999 0.5 0.0 0.0
INDEX 32131 16 0 0.18000001 0.1 0.94999999 0.5 0.0 0.0
INDEX 32131 17 0 0.18000001 0.1 0.94999999 0.5 0.0 0.0
INDEX 32131 19 0 0.18000001 0.1 0.94999999 0.5 0.0 0.0
INDEX 32131 22 0 0.18000001 0.1 0.94999999 0.5 0.0 0.0
INDEX 32131 25 0 0.18000001 0.1 0.94999999 0.5 0.0 0.0
INDEX 32131 10 0 0.18000001 0.1 0.94999999 0.5 0.0 0.0
INDEX 32229 21 0 1.0 1.0 1.0 0.89999998 0.0 0.0
INDEX 32364 21 0 1.0 1.0 1.0 0.20999999 0.0 0.0
INDEX 32501 23 0 0.06274509803 0.30980392156 1.0 0.125 0.0 0.0
INDEX 32002 23 0 0.0 0.17647058823 0.68235294117 0.5 0.0 0.0
INDEX 32501 24 0 0.06274509803 0.30980392156 1.0 0.125 0.0 0.0
INDEX 32002 24 0 0.0 0.17647058823 0.68235294117 0.5 0.0 0.0
INDEX 32501 21 0 0.06274509803 0.30980392156 1.0 0.45 0.0 0.0
INDEX 32002 21 0 0.0 0.17647058823 0.68235294117 1.8 0.0 0.0

//Blue Eye Scepter
INDEX 32229 18 0 1.0 1.0 1.0 0.2 0.0 0.0
INDEX 32229 19 0 1.0 1.0 1.0 0.2 0.0 0.0
INDEX 32229 6 0 1.0 1.0 1.0 0.2 0.0 0.0
INDEX 32229 9 0 1.0 1.0 1.0 0.2 0.0 0.0
INDEX 32229 12 0 1.0 1.0 1.0 0.2 0.0 0.0
INDEX 32229 15 0 1.0 1.0 1.0 0.2 0.0 0.0
INDEX 32501 6  0 0.0 0.07843137254 0.13921568627 0.3374999925 0.0 0.0
INDEX 32501 9  0 0.0 0.07843137254 0.13921568627 0.3374999925 0.0 0.0
INDEX 32501 12 0 0.0 0.07843137254 0.13921568627 0.3374999925 0.0 0.0
INDEX 32501 15 0 0.0 0.07843137254 0.13921568627 0.3374999925 0.0 0.0
INDEX 32002 6  0 0.0 0.07843137254 0.13921568627 0.674999985 0.0 0.0
INDEX 32002 9  0 0.0 0.07843137254 0.13921568627 0.674999985 0.0 0.0
INDEX 32002 12 0 0.0 0.07843137254 0.13921568627 0.674999985 0.0 0.0
INDEX 32002 15 0 0.0 0.07843137254 0.13921568627 0.674999985 0.0 0.0
INDEX 32229 18 0 0.68000001 0.1 0.44999999 0.44999999 0.0 0.0
INDEX 32229 19 0 0.68000001 0.1 0.44999999 0.44999999 0.0 0.0
INDEX 32131 20 0 0.18000001 0.1 0.94999999 0.80000001 0.0 0.0
INDEX 32131 5  0 0.18000001 0.1 0.94999999 4.5 0.0 0.0

//Blue Eye Stick
INDEX 32002 12 0 0.1 0.2 0.69999999 1.0 0.0 0.0
INDEX 32002 6  0 0.1 0.2 0.69999999 1.0 0.0 0.0
INDEX 32002 4  0 0.1 0.2 0.69999999 1.0 0.0 0.0
INDEX 32002 9  0 0.1 0.2 0.69999999 1.0 0.0 0.0
INDEX 32002 7  0 0.1 0.2 0.69999999 1.2 0.0 0.0
INDEX 32002 8  0 0.1 0.2 0.69999999 1.2 0.0 0.0
INDEX 32002 1  0 0.1 0.2 0.69999999 1.8 0.0 0.0
INDEX 32002 10  0 0.1 0.2 0.69999999 1.8 0.0 0.0
INDEX 32002 8  0 0.1 0.2 0.69999999 1.8 0.0 0.0
INDEX 32002 2  0 0.1 0.2 0.69999999 1.8 0.0 0.0
INDEX 32002 4  0 0.1 0.2 0.69999999 2.4000001 0.0 0.0
INDEX 32002 4  0 0.1 0.2 0.69999999 2.4000001 0.0 0.0
INDEX 32501 3 0 0.06274509803 0.30980392156 1.0 0.25 0.0 0.0
INDEX 32002 3 0 0.0 0.17647058823 0.68235294117 1.0 0.0 0.0

//Blue Eye Sword
INDEX 32002 4 0 0.18000001 0.1 0.94999999 1.8 0.0 0.0
INDEX 32002 4 0 0.18000001 0.1 0.94999999 1.1 0.0 0.0
INDEX 32002 5 0 0.18000001 0.1 0.94999999 1.1 0.0 0.0
INDEX 32002 6 0 0.18000001 0.1 0.94999999 1.1 0.0 0.0
INDEX 32002 7 0 0.18000001 0.1 0.94999999 1.1 0.0 0.0
INDEX 32002 9 0 0.18000001 0.1 0.94999999 1.1 0.0 0.0
INDEX 32002 10 0 0.18000001 0.1 0.94999999 1.0 0.0 0.0
INDEX 32002 11 0 0.18000001 0.1 0.94999999 0.60000002 0.0 0.0
INDEX 32501 12 0 0.06274509803 0.30980392156 1.0 0.125 0.0 0.0
INDEX 32002 12 0 0.0 0.17647058823 0.68235294117 0.5 0.0 0.0
INDEX 32501 2 0 0.06274509803 0.30980392156 1.0 0.125 0.0 0.0
INDEX 32002 2 0 0.0 0.17647058823 0.68235294117 0.5 0.0 0.0
INDEX 32501 13 0 0.06274509803 0.30980392156 1.0 0.25 0.0 0.0
INDEX 32002 13 0 0.0 0.17647058823 0.68235294117 1.0 0.0 0.0
INDEX 32501 13 0 0.06274509803 0.30980392156 1.0 0.25 0.0 0.0
INDEX 32002 13 0 0.0 0.17647058823 0.68235294117 1.0 0.0 0.0