/////////////////////////////CUSTOM EFFECTS PARA WINGS EFECTOS BY UNNAMEDSK/////////////////////////////
////////////////////////////////////////////////////////////////////////////////////////////////////////

EFECTOS ESTATICOS.

INDEX   	    32002 		 53			   			0 		      1.00	0.56	0.0		    0.6 	0.0 	0.0
INDEX   	    32002 		 54			   			0 		      1.00	0.56	0.0		    0.6 	0.0 	0.0
INDEX   	    32002 		 55			   			0 		      1.00	0.56	0.0		    0.6 	0.0 	0.0
INDEX   	    32002 		 56			   			0 		      1.00	0.56	0.0		    0.6 	0.0 	0.0
INDEX   	    32002 		 57			   			0 		      1.00	0.56	0.0		    0.6 	0.0 	0.0
INDEX   	    32002 		 58			   			0 		      1.00	0.56	0.0		    0.6 	0.0 	0.0
INDEX   	    32002 		 59			   			0 		      1.00	0.56	0.0		    0.6 	0.0 	0.0
INDEX   	    32002 		 87			   			0 		      1.00	0.56	0.0		    0.6 	0.0 	0.0
INDEX   	    32002 		 88			   			0 		      1.00	0.56	0.0		    0.6 	0.0 	0.0
INDEX   	    32002 		 89			   			0 		      1.00	0.56	0.0		    0.6 	0.0 	0.0
INDEX   	    32002 		 90			   			0 		      1.00	0.56	0.0		    0.6 	0.0 	0.0
INDEX   	    32002 		 91			   			0 		      1.00	0.56	0.0		    0.6 	0.0 	0.0
INDEX   	    32002 		 92			   			0 		      1.00	0.56	0.0		    0.6 	0.0 	0.0
INDEX   	    32002 		 93			   			0 		      1.00	0.56	0.0		    0.6 	0.0 	0.0
INDEX   	    32002 		 120 			   		0 		      1.00	0.56	0.0		    0.6 	0.0 	0.0
INDEX   	    32002 		 121 			   		0 		      1.00	0.56	0.0		    0.6 	0.0 	0.0
INDEX   	    32002 		 122 			   		0 		      1.00	0.56	0.0		    0.6 	0.0 	0.0
INDEX   	    32002 		 123 			   		0 		      1.00	0.56	0.0		    0.6 	0.0 	0.0
INDEX   	    32002 		 124 			   		0 		      1.00	0.56	0.0		    0.6 	0.0 	0.0
INDEX   	    32002 		 125 			   		0 		      1.00	0.56	0.0		    0.6 	0.0 	0.0
INDEX   	    32002 		 126 			   		0 		      1.00	0.56	0.0		    0.6 	0.0 	0.0
INDEX   	    32002 		 127 			   		0 		      1.00	0.56	0.0		    0.6 	0.0 	0.0
INDEX   	    32002 		 128 			   		0 		      1.00	0.56	0.0		    0.6 	0.0 	0.0
INDEX   	    32002 		 129 			   		0 		      1.00	0.56	0.0		    0.6 	0.0 	0.0
INDEX   	    32002 		 130 			   		0 		      1.00	0.56	0.0		    0.6 	0.0 	0.0
INDEX   	    32002 		 131 			   		0 		      1.00	0.56	0.0		    0.6 	0.0 	0.0
INDEX   	    32002 		 132 			   		0 		      1.00	0.56	0.0		    0.6 	0.0 	0.0
INDEX   	    32002 		 60 			   		0 		      0.8	0.60	1.0		    1.0 	0.0 	0.0
INDEX   	    32002 		 61 			   		0 		      0.8	0.60	1.0		    0.8 	0.0 	0.0
INDEX   	    32002 		 62 			   		0 		      0.8	0.60	1.0		    1.0 	0.0 	0.0
INDEX   	    32002 		 63 			   		0 		      0.8	0.60	1.0		    0.8 	0.0 	0.0
INDEX   	    32002 		 64 			   		0 		      0.8	0.60	1.0		    1.0 	0.0 	0.0
INDEX   	    32002 		 65 			   		0 		      0.8	0.60	1.0		    0.8 	0.0 	0.0
INDEX   	    32002 		 66 			   		0 		      0.8	0.60	1.0		    1.0 	0.0 	0.0
INDEX   	    32002 		 67 			   		0 		      0.8	0.60	1.0		    0.8 	0.0 	0.0
INDEX   	    32002 		 68 			   		0 		      0.8	0.60	1.0		    1.0 	0.0 	0.0
INDEX   	    32002 		 69 			   		0 		      0.8	0.60	1.0		    0.6 	0.0 	0.0
INDEX   	    32002 		 70 			   		0 		      0.8	0.60	1.0		    0.6 	0.0 	0.0
INDEX   	    32002 		 71 			   		0 		      0.8	0.60	1.0		    0.6 	0.0 	0.0
INDEX   	    32002 		 72 			   		0 		      0.8	0.60	1.0		    0.6 	0.0 	0.0
INDEX   	    32002 		 73 			   		0 		      0.8	0.60	1.0		    0.6 	0.0 	0.0
INDEX   	    32002 		 74 			   		0 		      0.8	0.60	1.0		    0.6 	0.0 	0.0
INDEX   	    32002 		 75 			   		0 		      0.8	0.60	1.0		    0.6 	0.0 	0.0
INDEX   	    32002 		 76 			   		0 		      0.8	0.60	1.0		    0.6 	0.0 	0.0
INDEX   	    32002 		 77 			   		0 		      0.8	0.60	1.0		    0.6 	0.0 	0.0
INDEX   	    32002 		 78 			   		0 		      0.8	0.60	1.0		    0.6 	0.0 	0.0
INDEX   	    32002 		 79 			   		0 		      0.8	0.60	1.0		    0.6 	0.0 	0.0
INDEX   	    32002 		 80 			   		0 		      0.8	0.60	1.0		    0.6 	0.0 	0.0
INDEX   	    32002 		 81 			   		0 		      0.8	0.60	1.0		    0.6 	0.0 	0.0
INDEX   	    32002 		 82 			   		0 		      0.8	0.60	1.0		    0.6 	0.0 	0.0
INDEX   	    32002 		 83 			   		0 		      0.8	0.60	1.0		    0.6 	0.0 	0.0
INDEX   	    32002 		 84 			   		0 		      0.8	0.60	1.0		    0.6 	0.0 	0.0
INDEX   	    32002 		 85 			   		0 		      0.8	0.60	1.0		    0.6 	0.0 	0.0
INDEX   	    32002 		 94  			   		0 		      0.8	0.60	1.0		    1.0 	0.0 	0.0
INDEX   	    32002 		 95  			   		0 		      0.8	0.60	1.0		    0.8 	0.0 	0.0
INDEX   	    32002 		 96  			   		0 		      0.8	0.60	1.0		    1.0 	0.0 	0.0
INDEX   	    32002 		 97  			   		0 		      0.8	0.60	1.0		    0.8 	0.0 	0.0
INDEX   	    32002 		 98  			   		0 		      0.8	0.60	1.0		    1.0 	0.0 	0.0
INDEX   	    32002 		 99  			   		0 		      0.8	0.60	1.0		    0.8 	0.0 	0.0
INDEX   	    32002 		 100 			   		0 		      0.8	0.60	1.0		    1.0 	0.0 	0.0
INDEX   	    32002 		 101 			   		0 		      0.8	0.60	1.0		    0.8 	0.0 	0.0
INDEX   	    32002 		 102 			   		0 		      0.8	0.60	1.0		    1.0 	0.0 	0.0
INDEX   	    32002 		 103 			   		0 		      0.8	0.60	1.0		    0.6 	0.0 	0.0
INDEX   	    32002 		 104 			   		0 		      0.8	0.60	1.0		    0.6 	0.0 	0.0
INDEX   	    32002 		 105 			   		0 		      0.8	0.60	1.0		    0.6 	0.0 	0.0
INDEX   	    32002 		 106 			   		0 		      0.8	0.60	1.0		    0.6 	0.0 	0.0
INDEX   	    32002 		 107 			   		0 		      0.8	0.60	1.0		    0.6 	0.0 	0.0
INDEX   	    32002 		 108 			   		0 		      0.8	0.60	1.0		    0.6 	0.0 	0.0
INDEX   	    32002 		 109 			   		0 		      0.8	0.60	1.0		    0.6 	0.0 	0.0
INDEX   	    32002 		 110 			   		0 		      0.8	0.60	1.0		    0.6 	0.0 	0.0
INDEX   	    32002 		 111 			   		0 		      0.8	0.60	1.0		    0.6 	0.0 	0.0
INDEX   	    32002 		 112 			   		0 		      0.8	0.60	1.0		    0.6 	0.0 	0.0
INDEX   	    32002 		 113 			   		0 		      0.8	0.60	1.0		    0.6 	0.0 	0.0
INDEX   	    32002 		 114 			   		0 		      0.8	0.60	1.0		    0.6 	0.0 	0.0
INDEX   	    32002 		 115 			   		0 		      0.8	0.60	1.0		    0.6 	0.0 	0.0
INDEX   	    32002 		 116 			   		0 		      0.8	0.60	1.0		    0.6 	0.0 	0.0
INDEX   	    32002 		 117 			   		0 		      0.8	0.60	1.0		    0.6 	0.0 	0.0
INDEX   	    32002 		 118 			   		0 		      0.8	0.60	1.0		    0.6 	0.0 	0.0
INDEX   	    32002 		 119 			   		0 		      0.8	0.60	1.0		    0.6 	0.0 	0.0

EFECTOS DINAMICOS.

INDEX      		32113    	 120        			0             255   145     0        	3.5     0.4     0.3
INDEX      		32113    	 126        			0             255   145     0        	3.5     0.4     0.3
INDEX      		32387    	 120        			0             1.0	0.56	0   	 	0.0    -1.0     0.0
INDEX      		32387    	 126        			0             1.0	0.56	0   	 	0.0    -1.0     0.0
