/////////////////////////////CUSTOM EFFECTS PARA SWORD EFECTOS BY UNNAMEDSK/////////////////////////////
////////////////////////////////////////////////////////////////////////////////////////////////////////

EFECTOS ESTATICOS.

INDEX		    32002 		1 					0 			0.99	0.70	0.30 	1.5		0.0		0.0
INDEX		    32002 		2 					0 			0.99	0.70	0.30 	1.5		0.0		0.0
INDEX		    32002 		3 					0 			0.99	0.70	0.30 	1.5		0.0		0.0
INDEX		    32002 		4 					0 			0.99	0.70	0.30 	1.5		0.0		0.0
INDEX		    32002 		7 					0 			0.99	0.70	0.30 	1.5		0.0		0.0
INDEX		    32002 		14 					0 			0.99	0.70	0.30 	1.5		0.0		0.0
INDEX		    32002 		15 					0 			0.99	0.70	0.30 	1.5		0.0		0.0
INDEX		    32002 		16 					0 			0.99	0.70	0.30 	1.5		0.0		0.0
INDEX		    32002 		19 					0 			0.99	0.70	0.30 	1.5		0.0		0.0
INDEX		    32002 		21 					0 			0.99	0.70	0.30 	1.5		0.0		0.0
INDEX		    32002 		22 					0 			0.99	0.70	0.30 	1.5		0.0		0.0
INDEX		    32002 		23 					0 			0.99	0.70	0.30 	1.5		0.0		0.0
INDEX		    32002 		25 					0 			0.99	0.70	0.30 	1.5		0.0		0.0
INDEX		    32002 		26 					0 			0.99	0.70	0.30 	1.5		0.0		0.0
INDEX		    32002 		28 					0 			0.99	0.70	0.30 	1.5		0.0		0.0
INDEX		    32002 		29 					0 			0.99	0.70	0.30 	1.5		0.0		0.0
INDEX		    32002 		34 					0 			0.99	0.70	0.30 	1.5		0.0		0.0
INDEX		    32002 		35 					0 			0.99	0.70	0.30 	1.5		0.0		0.0
INDEX		    32002 		37 					0 			0.99	0.70	0.30 	1.5		0.0		0.0
INDEX		    32002 		38 					0 			0.99	0.70	0.30 	1.5		0.0		0.0
INDEX		    32002 		39 					0 			0.99	0.70	0.30 	1.5		0.0		0.0
INDEX		    32002 		40 					0 			0.99	0.70	0.30 	1.5		0.0		0.0
INDEX		    32002 		43 					0 			0.99	0.70	0.30 	1.5		0.0		0.0
INDEX		    32002 		46 					0 			0.99	0.70	0.30 	1.5		0.0		0.0
INDEX		    32002 		50 					0 			0.99	0.70	0.30 	1.5		0.0		0.0
INDEX		    32002 		51 					0 			0.99	0.70	0.30 	1.5		0.0		0.0
INDEX		    32002 		53 					0 			0.99	0.70	0.30 	1.5		0.0		0.0
INDEX		    32002 		54 					0 			0.99	0.70	0.30 	1.5		0.0		0.0
INDEX		    32002 		58 					0 			0.99	0.70	0.30 	1.5		0.0		0.0
INDEX		    32002 		59 					0 			0.99	0.70	0.30 	1.5		0.0		0.0
INDEX		    32002 		61 					0 			0.99	0.70	0.30 	1.5		0.0		0.0
INDEX		    32002 		63 					0 			0.99	0.70	0.30 	1.5		0.0		0.0
INDEX		    32002 		64 					0 			0.99	0.70	0.30 	1.5		0.0		0.0
INDEX		    32002 		66 					0 			0.99	0.70	0.30 	1.5		0.0		0.0
INDEX		    32002 		67 					0 			0.99	0.70	0.30 	1.5		0.0		0.0
INDEX		    32002 		69 					0 			0.99	0.70	0.30 	1.5		0.0		0.0

EFECTOS DINAMICOS.

INDEX    	    32119      	 1                  0           0.90  	0.50 	0.0     1.0    -0.5     0.2
INDEX	        32387        2         	        0           1.0  	0.5 	0.0     0.1     0.3     0.5
INDEX    	    32119      	 3                  0           0.90	0.50 	0.0     0.0     0.0     0.3
INDEX    	    32119      	 21                 0           0.90	0.50 	0.0     1.0     -0.5    0.2
INDEX	        32387   	 21                 0           1.0  	0.5 	0.0     0.1     0.3     0.5
INDEX           32389    	 35		 	        0 			0.90  	0.50 	0.0 	0.0 	0.0 	0.7
INDEX    	    32119      	 35                 0           0.90	0.50 	0.0     0.0     0.0     0.3
INDEX    	    32119      	 37                 0           0.90	0.50 	0.0     1.0    -0.5     0.2
INDEX	        32387   	 38                 0           1.0  	0.5 	0.0     0.1     0.3     0.5
INDEX    	    32119      	 39                 0           0.90	0.50 	0.0     0.0     0.0     0.3
INDEX    	    32119      	 39                 0           0.90	0.50 	0.0     1.0    -0.5     0.2
INDEX	        32387   	 58                 0           1.0  	0.5 	0.0     0.1     0.3     0.5
INDEX    	    32119      	 58                 0           0.90	0.50 	0.0     1.0    -0.5     0.2
