EFFECTOS DINAMICOS
6365        32002          47            0             0.0		180	 	 230		 0.5		 0.5		 0.5
6365        32002          24            0             0.0		180	 	 230		 0.5		 0.5		 0.5
6365        32002          31            0             0.0		180	 	 230		 0.5		 0.5		 0.5
6365        32002          40            0             0.0		180	 	 230		 0.5		 0.5		 0.5
6365        32002          08            0             0.0		180	 	 230		 0.5		 0.5		 0.5
6365        32002          17            0             0.0		180	 	 230		 0.5		 0.5		 0.5
6365        32002          46            0             0.0		180	 	 230		 0.5		 0.5		 0.5
6365        32002          23            0             0.0		180	 	 230		 0.5		 0.5		 0.5
6365        32002          35            0             0.0		180	 	 230		 0.5		 0.5		 0.5
6365        32002          39            0             0.0		180	 	 230		 0.5		 0.5		 0.5
6365        32002          44            0             0.0		180	 	 230		 0.5		 0.5		 0.5
6365        32002          45            0             0.0		180	 	 230		 0.5		 0.5		 0.5
6365        32002          12            0             0.0		180	 	 230	 	 0.5		 0.5		 0.5
6365        32002          16            0             0.0		180	 	 230		 0.5		 0.5		 0.5
6365        32002          21            0             0.0		180	 	 230		 0.5		 0.5		 0.5
6365        32002          22            0             0.0		180	 	 230		 0.5		 0.5		 0.5
6365        32002          61            0             0.0		180	 	 230		 0.5		 0.5		 0.5
6365        32002          60            0             0.0		180	 	 230		 0.5		 0.5		 0.5
6365        32002          59            0             0.0		180	 	 230		 0.5		 0.5		 0.5
6365        32002          62            0             0.0		180	 	 230		 0.5		 0.5		 0.5
6365        32002          55            0             0.0		180	 	 230		 0.5		 0.5		 0.5
6365        32002          52            0             0.0		180	 	 230		 0.5		 0.5		 0.5
6365        32002          53            0             0.0		180	 	 230		 0.5		 0.5		 0.5
6365        32002          54            0             0.0		180	 	 230		 0.5		 0.5		 0.5
6365        32387    	   14            0            0.0	 	0.7	 	 0.9      0.0         0.2         0.2
6365        32387    	   19            0            0.0	 	0.7	 	 0.9      0.0         0.2         0.2
6365        32387    	   50            0            0.0	 	0.7	 	 0.9      0.0         0.2         0.2
6365        32387    	   37            0            0.0	 	0.7	 	 0.9      0.0         0.2         0.2
6365        32387    	   42            0            0.0	 	0.7	 	 0.9      0.0         0.2         0.2
6365        32387    	   57            0            0.0	 	0.7	 	 0.9      0.0         0.2         0.2

EFFECTOS STATICOS

6365        32002         47            0             1.0 	0.99 	0.82 	1.5		0.0		0.0
6365        32002         24            0             1.0 	0.99 	0.82 	1.5		0.0		0.0
6365        32002         31            0             1.0 	0.99 	0.82 	1.5		0.0		0.0
6365        32002         40            0             1.0 	0.99 	0.82 	1.5		0.0		0.0
6365        32002         08            0             1.0 	0.99 	0.82 	1.5		0.0		0.0
6365        32002         17            0             1.0 	0.99 	0.82 	1.5		0.0		0.0
6365        32002         46            0             1.0 	0.99 	0.82 	1.5		0.0		0.0
6365        32002         23            0             1.0 	0.99 	0.82 	1.5		0.0		0.0
6365        32002         35            0             1.0 	0.99 	0.82 	1.5		0.0		0.0
6365        32002         39            0             1.0 	0.99 	0.82 	1.5		0.0		0.0
6365        32002         44            0             1.0 	0.99 	0.82 	1.5		0.0		0.0
6365        32002         45            0             1.0 	0.99 	0.82 	1.5		0.0		0.0
6365        32002         12            0             1.0 	0.99 	0.82 	1.5		0.0		0.0
6365        32002         16            0             1.0 	0.99 	0.82 	1.5		0.0		0.0
6365        32002         21            0             1.0 	0.99 	0.82 	1.5		0.0		0.0
6365        32002         22            0             1.0 	0.99 	0.82 	1.5		0.0		0.0
6365        32002         61            0             1.0 	0.99 	0.82 	1.5		0.0		0.0
6365        32002         60            0             1.0 	0.99 	0.82 	1.5		0.0		0.0
6365        32002         59            0             1.0 	0.99 	0.82 	1.5		0.0		0.0
6365        32002         62            0             1.0 	0.99 	0.82 	1.5		0.0		0.0
6365        32002         55            0             1.0 	0.99 	0.82 	1.5		0.0		0.0
6365        32002         52            0             1.0 	0.99 	0.82 	1.5		0.0		0.0
6365        32002         53            0             1.0 	0.99 	0.82 	1.5		0.0		0.0
6365        32002         54            0             1.0 	0.99 	0.82 	1.5		0.0		0.0