/////////////////////////////CUSTOM EFFECTS PARA SHIELD EFECTOS BY UNNAMEDSK/////////////////////////////
////////////////////////////////////////////////////////////////////////////////////////////////////////

RGB SHIELD: 70 120 111

EFECTOS ESTATICOS.

INDEX		    32002 		2  					0 			0.00	0.20	0.80 	0.7		0.0		0.0
INDEX		    32002 		3  					0 			0.00	0.20	0.80 	0.7		0.0		0.0
INDEX		    32002 		4  					0 			0.00	0.20	0.80 	0.7		0.0		0.0
INDEX		    32002 		5  					0 			0.00	0.20	0.80 	0.7		0.0		0.0
INDEX		    32002 		6  					0 			0.00	0.20	0.80 	0.7		0.0		0.0
INDEX		    32002 		7  					0 			0.00	0.20	0.80 	0.7		0.0		0.0
INDEX		    32002 		8  					0 			0.00	0.20	0.80 	0.7		0.0		0.0
INDEX		    32002 		9  					0 			0.00	0.20	0.80 	0.7		0.0		0.0
INDEX		    32002 		10  				0 			0.00	0.20	0.80 	0.7		0.0		0.0
INDEX		    32002 		11  				0 			0.00	0.20	0.80 	0.7		0.0		0.0
INDEX		    32002 		12  				0 			0.00	0.20	0.80 	0.7		0.0		0.0
INDEX		    32002 		13  				0 			0.00	0.20	0.80 	0.7		0.0		0.0
INDEX		    32002 		14  				0 			0.00	0.20	0.80 	0.7		0.0		0.0
