/////////////////////////////CUSTOM EFFECTS PARA SHIELD EFECTOS BY UNNAMEDSK////////////////////////////
///////////////////////////////////////////////////////////////////////////////////////////////////////////////////////

EFECTOS ESTATICOS.

INDEX		    32002 		5  				0 			0.12		0.62 	0.29 	0.5		0.0		0.0
INDEX		    32002 		6  				0 			0.12		0.62 	0.29 	0.5		0.0		0.0
INDEX		    32002 		7  				0 			0.12		0.62 	0.29 	0.5		0.0		0.0
INDEX		    32002 		8  				0 			0.12		0.62 	0.29 	0.5		0.0		0.0
INDEX		    32002 		9  				0 			0.12		0.62 	0.29 	0.5		0.0		0.0
INDEX		    32002 		10 				0 			0.12		0.62 	0.29 	0.5		0.0		0.0
INDEX		    32002 		11 				0 			0.12		0.62 	0.29 	0.5		0.0		0.0
INDEX		    32002 		12 				0 			0.12		0.62 	0.29 	0.5		0.0		0.0
INDEX		    32002 		13 				0 			0.12		0.62 	0.29 	0.5		0.0		0.0
INDEX		    32002 		14 				0 			0.12		0.62 	0.29 	0.5		0.0		0.0
INDEX		    32002 		15 				0 			0.12		0.62 	0.29 	0.5		0.0		0.0
INDEX		    32002 		16 				0 			0.12		0.62 	0.29 	0.5		0.0		0.0
INDEX		    32002 		17 				0 			0.12		0.62 	0.29 	0.5		0.0		0.0
INDEX		    32002 		18 				0 			0.12		0.62 	0.29 	0.5		0.0		0.0
INDEX		    32002 		19 				0 			0.12		0.62 	0.29 	0.5		0.0		0.0
INDEX		    32002 		20 				0 			0.12		0.62 	0.29 	0.5		0.0		0.0
INDEX		    32002 		21 				0 			0.12		0.62 	0.29 	0.5		0.0		0.0
INDEX		    32002 		22 				0 			0.12		0.62 	0.29 	0.5		0.0		0.0 
INDEX		    32002 		24 				0 			0.12		0.62 	0.29 	0.4		0.0		0.0
INDEX		    32002 		25 				0 			0.12		0.62 	0.29 	0.4		0.0		0.0
INDEX		    32002 		26 				0 			0.12		0.62 	0.29 	0.4		0.0		0.0
INDEX		    32002 		27 				0 			0.12		0.62 	0.29 	0.4		0.0		0.0
INDEX		    32002 		28 				0 			0.12		0.62 	0.29 	0.4		0.0		0.0
INDEX		    32002 		29 				0 			0.12		0.62 	0.29 	0.4		0.0		0.0
INDEX		    32002 		30 				0 			0.12		0.62 	0.29 	0.4		0.0		0.0
INDEX		    32002 		31 				0 			0.12		0.62 	0.29 	0.4		0.0		0.0
INDEX		    32002 		32 				0 			0.12		0.62 	0.29 	0.4		0.0		0.0
INDEX		    32002 		33 				0 			0.12		0.62 	0.29 	0.4		0.0		0.0
INDEX		    32002 		34 				0 			0.12		0.62 	0.29 	0.4		0.0		0.0
INDEX		    32002 		35 				0 			0.12		0.62 	0.29 	0.4		0.0		0.0
INDEX		    32002 		36 				0 			0.12		0.62 	0.29 	0.4		0.0		0.0
INDEX        	32114      2                  0 	        0.12		0.62 	0.29 	2.0 	    0.0 	    0.0

EFECTOS DINAMICOS.

INDEX	 	 32393    			 2          0                0.01		0.74 	0.05 		  0.0       0.8        0.8
