CustomEffectDynamic
129          32387   	34           0              0.03 	0.09 	0.35     0.0         1.5        0.0
129          32387   	35           0              0.03 	0.09 	0.35     0.0         1.5        0.0
129          32387   	36           0              0.03 	0.09 	0.35     0.0         1.5        0.0
129          32387   	37           0              0.03 	0.09 	0.35     0.0         1.5        0.0
129          32387   	38           0              0.03 	0.09 	0.35     0.0         1.5        0.0
129          32387   	39           0              0.03 	0.09 	0.35     0.0         1.5        0.0
129          32387   	40           0              0.03 	0.09 	0.35     0.0         1.5        0.0
129          32284   	34           0              0.13 	0.74 	0.77     0.0         0.9        0.3
129          32284   	35           0              0.13 	0.74 	0.77     0.0         0.9        0.3
129          32284   	36           0              0.13 	0.74 	0.77     0.0         0.9        0.3
129          32284   	37           0              0.13 	0.74 	0.77     0.0         0.9        0.3
129          32284   	38           0              0.13 	0.74 	0.77     0.0         0.9        0.3
129          32284   	39           0              0.13 	0.74 	0.77     0.0         0.9        0.3
129          32284   	40           0              0.13 	0.74 	0.77     0.0         0.9        0.3
129          32284   	34           0              0.00 	0.00 	0.2      0.0         0.5        0.3
129          32284   	35           0              0.00 	0.00 	0.2      0.0         0.5        0.3
129          32284   	36           0              0.00 	0.00 	0.2      0.0         0.5        0.3
129          32284   	37           0              0.00 	0.00 	0.2      0.0         0.5        0.3
129          32284   	38           0              0.00 	0.00 	0.2      0.0         0.5        0.3
129          32284   	39           0              0.00 	0.00 	0.2      0.0         0.5        0.3
129          32284   	40           0              0.00 	0.00 	0.2      0.0         0.5        0.3
129          32390      24           0              0.06    0.19    0.45     0.0         0.2        0.3
129          32390      25           0              0.06    0.19    0.45     0.0         0.2        0.3
129          32390      26           0              0.06    0.19    0.45     0.0         0.2        0.3
129          32390      27           0              0.06    0.19    0.45     0.0         0.2        0.3
129          32390      28           0              0.06    0.19    0.45     0.0         0.2        0.3
129          32390      29           0              0.06    0.19    0.45     0.0         0.2        0.3
129          32390      30           0              0.06    0.19    0.45     0.0         0.2        0.3
129          32390      31           0              0.06    0.19    0.45     0.0         0.2        0.3
129          32390      32           0              0.06    0.19    0.45     0.0         0.2        0.3
129          32390      33           0              0.06    0.19    0.45     0.0         0.2        0.3
129          32389      1            0              0.06    0.19    0.45     0.0         0.9        0.9
CustomEffectStatic
129          32002         2            0             0.03    0.09    0.35   0.5       0.1         0.1
129          32002         3            0             0.03    0.09    0.35   0.5       0.1         0.1
129          32002         4            0             0.03    0.09    0.35   0.5       0.1         0.1
129          32002         5            0             0.03    0.09    0.35   0.5       0.1         0.1
129          32002         6            0             0.03    0.09    0.35   0.5       0.1         0.1
129          32002         7            0             0.03    0.09    0.35   0.5       0.4         0.1
129          32002         8            0             0.03    0.09    0.35   0.5       0.4         0.1
129          32002         9            0             0.03    0.09    0.35   0.5       0.4         0.1
129          32002        10            0             0.03    0.09    0.35   0.5       0.4         0.1
129          32002        11            0             0.03    0.09    0.35   0.3       0.4         0.1
129          32002        12            0             0.03    0.09    0.35   0.3       0.4         0.1
129          32002        13            0             0.03    0.09    0.35   0.1       0.4         0.1
129          32002        14            0             0.03    0.09    0.35   0.1       0.4         0.1
129          32002        15            0             0.03    0.09    0.35   1.7       0.4         0.1
129          32002        16            0             0.03    0.09    0.35   1.6       0.4         0.1
129          32002        17            0             0.03    0.09    0.35   1.3       0.4         0.1
129          32002        18            0             0.03    0.09    0.35   1.2       0.4         0.1
129          32002        19            0             0.03    0.09    0.35   1.2       0.4         0.1
129          32002        20            0             0.03    0.09    0.35   0.8       0.4         0.1
129          32002        21            0             0.03    0.09    0.35   0.7       0.4         0.1
129          32002        22            0             0.03    0.09    0.35   0.6       0.4         0.1
129          32002        23            0             0.03    0.09    0.35   0.5       0.4         0.1
129          32002        24            0             0.03    0.09    0.35   0.5       0.4         0.1
129          32002        25            0             0.03    0.09    0.35   0.5       0.4         0.1
129          32002        26            0             0.03    0.09    0.35   0.5       0.4         0.1
129          32002        27            0             0.03    0.09    0.35   0.5       0.4         0.1
129          32002        28            0             0.03    0.09    0.35   0.5       0.4         0.1
129          32002        29            0             0.03    0.09    0.35   0.5       0.4         0.1
129          32002        30            0             0.03    0.09    0.35   0.5       0.4         0.1
129          32002        31            0             0.03    0.09    0.35   0.5       0.4         0.1
129          32002        32            0             0.03    0.09    0.35   0.5       0.4         0.1
129          32002        33            0             0.03    0.09    0.35   0.5       0.4         0.1
129          32002        34            0             0.03    0.09    0.35   0.5       0.4         0.1
129          32280        1             0             0.03    0.09    0.35   0.5       0.4         0.1
