==============================================================================================================
<<<<<<<<<<<<<<<<<<<<<<<<<<<<<<<<<<<<<<<<<<<< WING SKYLINE >>>>>>>>>>>>>>>>>>>>>>>>>>>>>>>>>>>>>>>>>>>>>>>>>>>>
==============================================================================================================
EFECTOS PARA MUEMU
==============================================================================================================
  6413        32002         24            0             0.62    0.80     1.00     1.0         0.0         0.0
  6413        32002         25            0             0.62    0.80     1.00     0.7         0.0         0.0
  6413        32002         26            0             0.62    0.80     1.00     0.5         0.0         0.0
  6413        32002         27            0             0.62    0.80     1.00     0.5         0.0         0.0
  6413        32002         28            0             0.62    0.80     1.00     0.4         0.0         0.0
  6413        32002         59            0             0.62    0.80     1.00     1.0         0.0         0.0
  6413        32002         60            0             0.62    0.80     1.00     0.7         0.0         0.0
  6413        32002         61            0             0.62    0.80     1.00     0.5         0.0         0.0
  6413        32002         62            0             0.62    0.80     1.00     0.5         0.0         0.0
  6413        32002         63            0             0.62    0.80     1.00     0.4         0.0         0.0
  6413        32002         29            0             0.62    0.80     1.00     0.5         0.0         0.0
  6413        32002         30            0             0.62    0.80     1.00     0.7         0.0         0.0
  6413        32002         33            0             0.62    0.80     1.00     0.5         0.0         0.0
  6413        32002         32            0             0.62    0.80     1.00     0.7         0.0         0.0
  6413        32002         64            0             0.62    0.80     1.00     0.5         0.0         0.0
  6413        32002         65            0             0.62    0.80     1.00     0.7         0.0         0.0
  6413        32002         66            0             0.62    0.80     1.00     0.5         0.0         0.0
  6413        32002         67            0             0.62    0.80     1.00     0.7         0.0         0.0
  6413        32002         33            0             0.62    0.80     1.00     0.5         0.0         0.0
  6413        32002         34            0             0.62    0.80     1.00     0.4         0.0         0.0
  6413        32002         35            0             0.62    0.80     1.00     0.3         0.0         0.0
  6413        32002         37            0             0.62    0.80     1.00     0.4         0.0         0.0
  6413        32002         38            0             0.62    0.80     1.00     0.3         0.0         0.0
  6413        32002         22            0             1.00    1.00     1.00     1.5         0.0         0.0
  6413        32002         23            0             0.62    0.80     1.00     0.4         0.0         0.0
  6413        32002         57            0             1.00    1.00     1.00     1.5         0.0         0.0
  6413        32002         58            0             0.62    0.80     1.00     0.4         0.0         0.0
  6413        32002         14            0             0.75    0.88     1.00     0.8         0.0         0.0
  6413        32002         15            0             0.23    0.72     1.00     1.0         0.0         0.0
  6413        32002         16            0             0.75    0.88     1.00     0.8         0.0         0.0
  6413        32002         17            0             0.23    0.72     1.00     1.0         0.0         0.0
  6413        32002         18            0             0.75    0.88     1.00     0.8         0.0         0.0
  6413        32002         19            0             0.23    0.72     1.00     1.0         0.0         0.0
  6413        32002         20            0             0.75    0.88     1.00     0.8         0.0         0.0
  6413        32002         49            0             0.75    0.88     1.00     0.8         0.0         0.0
  6413        32002         50            0             0.23    0.72     1.00     1.0         0.0         0.0
  6413        32002         51            0             0.75    0.88     1.00     0.8         0.0         0.0
  6413        32002         52            0             0.23    0.72     1.00     1.0         0.0         0.0
  6413        32002         53            0             0.75    0.88     1.00     0.8         0.0         0.0
  6413        32002         54            0             0.23    0.72     1.00     1.0         0.0         0.0
  6413        32002         55            0             0.75    0.88     1.00     0.8         0.0         0.0

////opcional si kieres mas BRILLO
  6413        32002         39            0             1.00    1.00     1.00     1.3         0.0         0.0
  6413        32002         40            0             1.00    1.00     1.00     1.3         0.0         0.0
  6413        32002         41            0             1.00    1.00     1.00     1.3         0.0         0.0
  6413        32002         07            0             1.00    1.00     1.00     1.3         0.0         0.0
  6413        32002         42            0             1.00    1.00     1.00     1.3         0.0         0.0
  6413        32002         43            0             1.00    1.00     1.00     1.3         0.0         0.0
  6413        32002         44            0             1.00    1.00     1.00     1.3         0.0         0.0
  6413        32002         45            0             1.00    1.00     1.00     1.3         0.0         0.0
  6413        32002         46            0             1.00    1.00     1.00     1.3         0.0         0.0
  6413        32002         47            0             1.00    1.00     1.00     1.3         0.0         0.0
  6413        32002         48            0             1.00    1.00     1.00     1.3         0.0         0.0

  6413        32002         68            0             1.00    1.00     1.00     1.3         0.0         0.0
  6413        32002         69            0             1.00    1.00     1.00     1.3         0.0         0.0
  6413        32002         70            0             1.00    1.00     1.00     1.3         0.0         0.0
  6413        32002         13            0             1.00    1.00     1.00     1.3         0.0         0.0
  6413        32002         71            0             1.00    1.00     1.00     1.3         0.0         0.0
  6413        32002         72            0             1.00    1.00     1.00     1.3         0.0         0.0
  6413        32002         73            0             1.00    1.00     1.00     1.3         0.0         0.0
  6413        32002         74            0             1.00    1.00     1.00     1.3         0.0         0.0
  6413        32002         75            0             1.00    1.00     1.00     1.3         0.0         0.0
  6413        32002         76            0             1.00    1.00     1.00     1.3         0.0         0.0
  6413        32002         77            0             1.00    1.00     1.00     1.3         0.0         0.0
==============================================================================================================
==============================================================================================================
<<<<<<<<<<<<<<<<<<<<<<<<<<<<<<<<<<<< ARCHIVO EXCLUSIVO DE GAMESBIT.NET >>>>>>>>>>>>>>>>>>>>>>>>>>>>>>>>>>>>>>>
<<<<<<<<<<<<<<<<<<<<<<<<<<<<<<<<<<< Aportado por © Dr4G0N 3D Maker 2017 >>>>>>>>>>>>>>>>>>>>>>>>>>>>>>>>>>>>>>
<<<<<<<<<<<<<<<<<<<<<<<<<<<<<<<<<<<<<<<<<<<< Creditos: YO-Dr4GON >>>>>>>>>>>>>>>>>>>>>>>>>>>>>>>>>>>>>>>>>>>>>
<<<<<<<<<<<<<<<<<<<<<<<<<<<<<<<<<< ARCHIVO APORTADO EN PERFECZONE.COM.BR >>>>>>>>>>>>>>>>>>>>>>>>>>>>>>>>>>>>>
==============================================================================================================
==============================================================================================================
