/////////////////////////////CUSTOM EFFECTS PARA WING EFECTOS BY UNNAMEDSK///////////////////////////
///////////////////////////////////////////////////////////////////////////////////////////////////////////////////////

EFECTOS ESTATICOS.

INDEX		32380 		1	 				0 			1.00    0.60     0.00	 	0.4		 0.0		0.0
INDEX		32380 		2	 				0 			1.00    0.60     0.00	 	0.4		 0.0		0.0
INDEX		32380 		3	 				0 			1.00    0.60     0.00	 	0.4		 0.0		0.0
INDEX		32380 		4	 				0 			1.00    0.60     0.00	 	0.4		 0.0		0.0
INDEX		32380 		5	 				0 			1.00    0.60     0.00	 	0.4		 0.0		0.0
INDEX		32380 		6	 				0 			1.00    0.60     0.00	 	0.6		 0.0		0.0
INDEX		32380 		7	 				0 			1.00    0.60     0.00	 	0.6		 0.0		0.0
INDEX		32380 		8	 				0 			 0.18   0.00	  1.00	 	0.7		 0.0		0.0
INDEX		32380 		9	 				0 			 0.18   0.00	  1.00	 	0.7		 0.0		0.0
INDEX 	32140 		6 			  		0 		     0.18   0.00	  1.00 		0.3 	     0.0 	    0.0
INDEX 	32140 		7 			  		0 		     0.18   0.00	  1.00 		0.3 	     0.0 	    0.0
INDEX	    32501 	    6 	  		   		0 			 0.18   0.00	  1.00	  	0.6		 0.0 	    0.0
INDEX	    32501 	    7	  		   		0 			 0.18   0.00	  1.00	  	0.6		 0.0 	    0.0
INDEX     32002      72              	0           1.0     1.0       1.0        1.0         0.0      0.5
INDEX     32002      79              	0           1.0     1.0       1.0        1.0         0.0      0.5
INDEX     32002      9               	0           1.0     1.0       1.0        1.0         0.0      0.5
INDEX     32002      17              	0           1.0     1.0       1.0        1.0         0.0      0.5
INDEX     32002      25              	0           1.0     1.0       1.0        1.0         0.0      0.5
INDEX     32002      33              	0           1.0     1.0       1.0        1.0         0.0      0.5
INDEX     32002      41              	0           1.0     1.0       1.0        1.0         0.0      0.5
INDEX     32002      49              	0           1.0     1.0       1.0        1.0         0.0      0.5
INDEX     32002      57              	0           1.0     1.0       1.0        1.0         0.0      0.5
INDEX     32002      65              	0           1.0     1.0       1.0        1.0         0.0      0.5

EFECTOS DINAMICOS,

INDEX     32389         6             0            0.18		0.00		1.00    0.0         0.0         0.4
INDEX     32389         7             0            0.18		0.00		1.00    0.0         0.0         0.4
INDEX	    32119    	   6 		 	  0 			0.18		0.00		1.00	   1.0       -0.5         0.1
INDEX	    32119    	   7 		 	  0 			0.18		0.00		1.00	   1.0       -0.5         0.1
INDEX	    32395    	   6             0            0.18		0.00		1.00    0.0   	    0.1      	  10.4
INDEX	    32395    	   7             0            0.18		0.00		1.00    0.0   	    0.1      	  10.4
